1.600000000000000000e+02 1.000000000000000000e+02
1.600000000000000000e+02 2.200000000000000000e+02
2.400000000000000000e+02 1.500000000000000000e+02
3.500000000000000000e+02 1.600000000000000000e+02
1.600000000000000000e+02 5.000000000000000000e+01
1.700000000000000000e+02 9.000000000000000000e+01
1.590000000000000000e+02 7.300000000000000000e+01
1.600000000000000000e+02 1.900000000000000000e+02
1.450000000000000000e+02 2.450000000000000000e+02
1.520000000000000000e+02 2.210000000000000000e+02
1.800000000000000000e+02 1.600000000000000000e+02
2.000000000000000000e+02 1.600000000000000000e+02
2.200000000000000000e+02 1.600000000000000000e+02
2.500000000000000000e+02 1.600000000000000000e+02
2.750000000000000000e+02 1.600000000000000000e+02
2.950000000000000000e+02 1.600000000000000000e+02
1.300000000000000000e+02 4.000000000000000000e+01
1.400000000000000000e+02 7.500000000000000000e+01
1.500000000000000000e+02 1.250000000000000000e+02
1.500000000000000000e+02 1.800000000000000000e+02
1.400000000000000000e+02 2.100000000000000000e+02
1.300000000000000000e+02 2.690000000000000000e+02
3.000000000000000000e+02 6.500000000000000000e+01
3.420000000000000000e+02 7.600000000000000000e+01
4.200000000000000000e+02 1.680000000000000000e+02
3.650000000000000000e+02 2.330000000000000000e+02
2.990000000000000000e+02 2.600000000000000000e+02
3.500000000000000000e+02 1.000000000000000000e+02
3.750000000000000000e+02 1.320000000000000000e+02
3.600000000000000000e+02 1.620000000000000000e+02
3.730000000000000000e+02 2.000000000000000000e+02
3.760000000000000000e+02 2.370000000000000000e+02
3.300000000000000000e+02 1.630000000000000000e+02
0.000000000000000000e+00 0.000000000000000000e+00
4.400000000000000000e+02 0.000000000000000000e+00
0.000000000000000000e+00 2.960000000000000000e+02
2.200000000000000000e+02 0.000000000000000000e+00
2.200000000000000000e+02 2.960000000000000000e+02
0.000000000000000000e+00 1.480000000000000000e+02
4.400000000000000000e+02 1.480000000000000000e+02
4.400000000000000000e+02 2.960000000000000000e+02
