1.600000000000000000e+02 1.000000000000000000e+02
1.600000000000000000e+02 2.200000000000000000e+02
2.500000000000000000e+02 1.500000000000000000e+02
3.200000000000000000e+02 1.500000000000000000e+02
1.600000000000000000e+02 5.000000000000000000e+01
1.580000000000000000e+02 1.290000000000000000e+02
1.580000000000000000e+02 9.700000000000000000e+01
1.700000000000000000e+02 1.800000000000000000e+02
1.500000000000000000e+02 2.500000000000000000e+02
1.650000000000000000e+02 2.220000000000000000e+02
1.600000000000000000e+02 1.600000000000000000e+02
1.800000000000000000e+02 1.600000000000000000e+02
2.000000000000000000e+02 1.600000000000000000e+02
2.200000000000000000e+02 1.600000000000000000e+02
2.500000000000000000e+02 1.600000000000000000e+02
2.600000000000000000e+02 1.600000000000000000e+02
1.300000000000000000e+02 4.000000000000000000e+01
1.400000000000000000e+02 7.500000000000000000e+01
1.500000000000000000e+02 1.250000000000000000e+02
1.500000000000000000e+02 1.800000000000000000e+02
1.400000000000000000e+02 2.100000000000000000e+02
1.300000000000000000e+02 2.690000000000000000e+02
3.000000000000000000e+02 5.000000000000000000e+01
3.400000000000000000e+02 8.000000000000000000e+01
3.750000000000000000e+02 1.500000000000000000e+02
3.730000000000000000e+02 2.290000000000000000e+02
2.990000000000000000e+02 2.670000000000000000e+02
3.100000000000000000e+02 8.000000000000000000e+01
3.200000000000000000e+02 1.320000000000000000e+02
3.300000000000000000e+02 1.600000000000000000e+02
3.200000000000000000e+02 1.830000000000000000e+02
2.990000000000000000e+02 2.350000000000000000e+02
2.920000000000000000e+02 1.600000000000000000e+02
0.000000000000000000e+00 0.000000000000000000e+00
4.400000000000000000e+02 0.000000000000000000e+00
0.000000000000000000e+00 2.960000000000000000e+02
2.200000000000000000e+02 0.000000000000000000e+00
2.200000000000000000e+02 2.960000000000000000e+02
0.000000000000000000e+00 1.480000000000000000e+02
4.400000000000000000e+02 1.480000000000000000e+02
4.400000000000000000e+02 2.960000000000000000e+02
